79
80
81
67
34
37
92
91
93

GIENG 2
57
15
6
12
64
65
66

79
67
80
81
92
91
93
34
37
standardControl

GIENG 3
10
18
13
17
9
8
4

80
67
81
92
91
93
34
37


GIENG 4
22
21
19
20
27
24

81
34
92
91
93


GIENG 5
32
30
28
29
31

79
67
80
37
81
34
92
91
93

GIENG 6
42
41
39
40
84
83
38

79
67
80
37
81
34
92
91
93

GIENG 7
52
48
44
47
50
49
51

80
37
81
34
92
91
93

GIENG 8
63
59
54
58
60
62

81
34
92
91
93

BOM 1
96
101
98
61

BOM 2
97
99
100

102
94
103
110
111
118
118
119
113
114

PANEL:
3 - G2
5
7
9
11
13
15
18 - T1
19 - T2




